function xd = xd_Smooth()

xd= [-0.2000    0.2000
   -0.2000    0.2000
   -0.2000    0.2000
   -0.1999    0.2000
   -0.1994    0.2000
   -0.1980    0.2000
   -0.1952    0.2000
   -0.1908    0.2000
   -0.1844    0.2000
   -0.1757    0.2000
   -0.1646    0.2000
   -0.1509    0.2000
   -0.1347    0.2000
   -0.1160    0.2000
   -0.0950    0.2000
   -0.0718    0.2000
   -0.0468    0.2000
   -0.0202    0.2000
    0.0074    0.2000
    0.0357    0.2000
    0.0643    0.2000
    0.0926    0.2000
    0.1202    0.2000
    0.1468    0.2000
    0.1718    0.2000
    0.1950    0.2000
    0.2160    0.2000
    0.2347    0.2000
    0.2509    0.2000
    0.2646    0.2000
    0.2757    0.2000
    0.2844    0.2000
    0.2908    0.2000
    0.2952    0.2000
    0.2980    0.2000
    0.2994    0.2000
    0.2999    0.2000
    0.3000    0.2000
    0.3000    0.2000
    0.3000    0.2000
    0.3000    0.2000];
end
