xd=[-0.2000    0.2000
   -0.2000    0.2000
   -0.2000    0.2000
   -0.1999    0.2000
   -0.1998    0.2000
   -0.1995    0.2000
   -0.1990    0.2000
   -0.1982    0.2000
   -0.1967    0.2000
   -0.1943    0.2000
   -0.1905    0.2000
   -0.1847    0.2000
   -0.1763    0.2000
   -0.1645    0.2000
   -0.1485    0.2000
   -0.1280    0.2000
   -0.1026    0.2000
   -0.0723    0.2000
   -0.0378    0.2000
    0.0001    0.2000
    0.0399    0.2000
    0.0802    0.2000
    0.1192    0.2000
    0.1556    0.2000
    0.1880    0.2000
    0.2159    0.2000
    0.2389    0.2000
    0.2570    0.2000
    0.2708    0.2000
    0.2809    0.2000
    0.2879    0.2000
    0.2926    0.2000
    0.2957    0.2000
    0.2975    0.2000
    0.2987    0.2000
    0.2993    0.2000
    0.2997    0.2000
    0.2998    0.2000
    0.2999    0.2000
    0.3000    0.2000
    0.3000    0.2000
    0.3000    0.2000
    0.3000    0.2000]